float FILTERBANK[1280] = 
{1.00, 0.00, 0.00, 0.00, 0.00, 0.00, 0.00, 0.00, 0.00, 0.00, 0.00, 0.00, 0.00, 0.00, 0.00, 0.00, 0.00, 0.00, 0.00, 0.00, 0.00, 0.00, 0.00, 0.00, 0.00, 0.00, 0.00, 0.00, 0.00, 0.00, 0.00, 0.00,
1.00, 0.50, 0.00, 0.00, 0.00, 0.00, 0.00, 0.00, 0.00, 0.00, 0.00, 0.00, 0.00, 0.00, 0.00, 0.00, 0.00, 0.00, 0.00, 0.00, 0.00, 0.00, 0.00, 0.00, 0.00, 0.00, 0.00, 0.00, 0.00, 0.00, 0.00, 0.00,
0.50, 1.00, 0.50, 0.00, 0.00, 0.00, 0.00, 0.00, 0.00, 0.00, 0.00, 0.00, 0.00, 0.00, 0.00, 0.00, 0.00, 0.00, 0.00, 0.00, 0.00, 0.00, 0.00, 0.00, 0.00, 0.00, 0.00, 0.00, 0.00, 0.00, 0.00, 0.00,
0.50, 1.00, 0.50, 0.00, 0.00, 0.00, 0.00, 0.00, 0.00, 0.00, 0.00, 0.00, 0.00, 0.00, 0.00, 0.00, 0.00, 0.00, 0.00, 0.00, 0.00, 0.00, 0.00, 0.00, 0.00, 0.00, 0.00, 0.00, 0.00, 0.00, 0.00, 0.00,
0.50, 1.00, 0.00, 0.00, 0.00, 0.00, 0.00, 0.00, 0.00, 0.00, 0.00, 0.00, 0.00, 0.00, 0.00, 0.00, 0.00, 0.00, 0.00, 0.00, 0.00, 0.00, 0.00, 0.00, 0.00, 0.00, 0.00, 0.00, 0.00, 0.00, 0.00, 0.00,
1.00, 0.67, 0.33, 0.00, 0.00, 0.00, 0.00, 0.00, 0.00, 0.00, 0.00, 0.00, 0.00, 0.00, 0.00, 0.00, 0.00, 0.00, 0.00, 0.00, 0.00, 0.00, 0.00, 0.00, 0.00, 0.00, 0.00, 0.00, 0.00, 0.00, 0.00, 0.00,
0.33, 0.67, 1.00, 0.50, 0.00, 0.00, 0.00, 0.00, 0.00, 0.00, 0.00, 0.00, 0.00, 0.00, 0.00, 0.00, 0.00, 0.00, 0.00, 0.00, 0.00, 0.00, 0.00, 0.00, 0.00, 0.00, 0.00, 0.00, 0.00, 0.00, 0.00, 0.00,
0.50, 1.00, 0.50, 0.00, 0.00, 0.00, 0.00, 0.00, 0.00, 0.00, 0.00, 0.00, 0.00, 0.00, 0.00, 0.00, 0.00, 0.00, 0.00, 0.00, 0.00, 0.00, 0.00, 0.00, 0.00, 0.00, 0.00, 0.00, 0.00, 0.00, 0.00, 0.00,
0.50, 1.00, 0.67, 0.33, 0.00, 0.00, 0.00, 0.00, 0.00, 0.00, 0.00, 0.00, 0.00, 0.00, 0.00, 0.00, 0.00, 0.00, 0.00, 0.00, 0.00, 0.00, 0.00, 0.00, 0.00, 0.00, 0.00, 0.00, 0.00, 0.00, 0.00, 0.00,
0.33, 0.67, 1.00, 0.50, 0.00, 0.00, 0.00, 0.00, 0.00, 0.00, 0.00, 0.00, 0.00, 0.00, 0.00, 0.00, 0.00, 0.00, 0.00, 0.00, 0.00, 0.00, 0.00, 0.00, 0.00, 0.00, 0.00, 0.00, 0.00, 0.00, 0.00, 0.00,
0.50, 1.00, 0.67, 0.33, 0.00, 0.00, 0.00, 0.00, 0.00, 0.00, 0.00, 0.00, 0.00, 0.00, 0.00, 0.00, 0.00, 0.00, 0.00, 0.00, 0.00, 0.00, 0.00, 0.00, 0.00, 0.00, 0.00, 0.00, 0.00, 0.00, 0.00, 0.00,
0.33, 0.67, 1.00, 0.67, 0.33, 0.00, 0.00, 0.00, 0.00, 0.00, 0.00, 0.00, 0.00, 0.00, 0.00, 0.00, 0.00, 0.00, 0.00, 0.00, 0.00, 0.00, 0.00, 0.00, 0.00, 0.00, 0.00, 0.00, 0.00, 0.00, 0.00, 0.00,
0.33, 0.67, 1.00, 0.67, 0.33, 0.00, 0.00, 0.00, 0.00, 0.00, 0.00, 0.00, 0.00, 0.00, 0.00, 0.00, 0.00, 0.00, 0.00, 0.00, 0.00, 0.00, 0.00, 0.00, 0.00, 0.00, 0.00, 0.00, 0.00, 0.00, 0.00, 0.00,
0.33, 0.67, 1.00, 0.67, 0.33, 0.00, 0.00, 0.00, 0.00, 0.00, 0.00, 0.00, 0.00, 0.00, 0.00, 0.00, 0.00, 0.00, 0.00, 0.00, 0.00, 0.00, 0.00, 0.00, 0.00, 0.00, 0.00, 0.00, 0.00, 0.00, 0.00, 0.00,
0.33, 0.67, 1.00, 0.75, 0.50, 0.25, 0.00, 0.00, 0.00, 0.00, 0.00, 0.00, 0.00, 0.00, 0.00, 0.00, 0.00, 0.00, 0.00, 0.00, 0.00, 0.00, 0.00, 0.00, 0.00, 0.00, 0.00, 0.00, 0.00, 0.00, 0.00, 0.00,
0.25, 0.50, 0.75, 1.00, 0.75, 0.50, 0.25, 0.00, 0.00, 0.00, 0.00, 0.00, 0.00, 0.00, 0.00, 0.00, 0.00, 0.00, 0.00, 0.00, 0.00, 0.00, 0.00, 0.00, 0.00, 0.00, 0.00, 0.00, 0.00, 0.00, 0.00, 0.00,
0.25, 0.50, 0.75, 1.00, 0.75, 0.50, 0.25, 0.00, 0.00, 0.00, 0.00, 0.00, 0.00, 0.00, 0.00, 0.00, 0.00, 0.00, 0.00, 0.00, 0.00, 0.00, 0.00, 0.00, 0.00, 0.00, 0.00, 0.00, 0.00, 0.00, 0.00, 0.00,
0.25, 0.50, 0.75, 1.00, 0.75, 0.50, 0.25, 0.00, 0.00, 0.00, 0.00, 0.00, 0.00, 0.00, 0.00, 0.00, 0.00, 0.00, 0.00, 0.00, 0.00, 0.00, 0.00, 0.00, 0.00, 0.00, 0.00, 0.00, 0.00, 0.00, 0.00, 0.00,
0.25, 0.50, 0.75, 1.00, 0.80, 0.60, 0.40, 0.20, 0.00, 0.00, 0.00, 0.00, 0.00, 0.00, 0.00, 0.00, 0.00, 0.00, 0.00, 0.00, 0.00, 0.00, 0.00, 0.00, 0.00, 0.00, 0.00, 0.00, 0.00, 0.00, 0.00, 0.00,
0.20, 0.40, 0.60, 0.80, 1.00, 0.80, 0.60, 0.40, 0.20, 0.00, 0.00, 0.00, 0.00, 0.00, 0.00, 0.00, 0.00, 0.00, 0.00, 0.00, 0.00, 0.00, 0.00, 0.00, 0.00, 0.00, 0.00, 0.00, 0.00, 0.00, 0.00, 0.00,
0.20, 0.40, 0.60, 0.80, 1.00, 0.80, 0.60, 0.40, 0.20, 0.00, 0.00, 0.00, 0.00, 0.00, 0.00, 0.00, 0.00, 0.00, 0.00, 0.00, 0.00, 0.00, 0.00, 0.00, 0.00, 0.00, 0.00, 0.00, 0.00, 0.00, 0.00, 0.00,
0.20, 0.40, 0.60, 0.80, 1.00, 0.80, 0.60, 0.40, 0.20, 0.00, 0.00, 0.00, 0.00, 0.00, 0.00, 0.00, 0.00, 0.00, 0.00, 0.00, 0.00, 0.00, 0.00, 0.00, 0.00, 0.00, 0.00, 0.00, 0.00, 0.00, 0.00, 0.00,
0.20, 0.40, 0.60, 0.80, 1.00, 0.83, 0.67, 0.50, 0.33, 0.17, 0.00, 0.00, 0.00, 0.00, 0.00, 0.00, 0.00, 0.00, 0.00, 0.00, 0.00, 0.00, 0.00, 0.00, 0.00, 0.00, 0.00, 0.00, 0.00, 0.00, 0.00, 0.00,
0.17, 0.33, 0.50, 0.67, 0.83, 1.00, 0.83, 0.67, 0.50, 0.33, 0.17, 0.00, 0.00, 0.00, 0.00, 0.00, 0.00, 0.00, 0.00, 0.00, 0.00, 0.00, 0.00, 0.00, 0.00, 0.00, 0.00, 0.00, 0.00, 0.00, 0.00, 0.00,
0.17, 0.33, 0.50, 0.67, 0.83, 1.00, 0.86, 0.71, 0.57, 0.43, 0.29, 0.14, 0.00, 0.00, 0.00, 0.00, 0.00, 0.00, 0.00, 0.00, 0.00, 0.00, 0.00, 0.00, 0.00, 0.00, 0.00, 0.00, 0.00, 0.00, 0.00, 0.00,
0.14, 0.29, 0.43, 0.57, 0.71, 0.86, 1.00, 0.86, 0.71, 0.57, 0.43, 0.29, 0.14, 0.00, 0.00, 0.00, 0.00, 0.00, 0.00, 0.00, 0.00, 0.00, 0.00, 0.00, 0.00, 0.00, 0.00, 0.00, 0.00, 0.00, 0.00, 0.00,
0.14, 0.29, 0.43, 0.57, 0.71, 0.86, 1.00, 0.86, 0.71, 0.57, 0.43, 0.29, 0.14, 0.00, 0.00, 0.00, 0.00, 0.00, 0.00, 0.00, 0.00, 0.00, 0.00, 0.00, 0.00, 0.00, 0.00, 0.00, 0.00, 0.00, 0.00, 0.00,
0.14, 0.29, 0.43, 0.57, 0.71, 0.86, 1.00, 0.88, 0.75, 0.62, 0.50, 0.38, 0.25, 0.12, 0.00, 0.00, 0.00, 0.00, 0.00, 0.00, 0.00, 0.00, 0.00, 0.00, 0.00, 0.00, 0.00, 0.00, 0.00, 0.00, 0.00, 0.00,
0.12, 0.25, 0.38, 0.50, 0.62, 0.75, 0.88, 1.00, 0.89, 0.78, 0.67, 0.56, 0.44, 0.33, 0.22, 0.11, 0.00, 0.00, 0.00, 0.00, 0.00, 0.00, 0.00, 0.00, 0.00, 0.00, 0.00, 0.00, 0.00, 0.00, 0.00, 0.00,
0.11, 0.22, 0.33, 0.44, 0.56, 0.67, 0.78, 0.89, 1.00, 0.89, 0.78, 0.67, 0.56, 0.44, 0.33, 0.22, 0.11, 0.00, 0.00, 0.00, 0.00, 0.00, 0.00, 0.00, 0.00, 0.00, 0.00, 0.00, 0.00, 0.00, 0.00, 0.00,
0.11, 0.22, 0.33, 0.44, 0.56, 0.67, 0.78, 0.89, 1.00, 0.89, 0.78, 0.67, 0.56, 0.44, 0.33, 0.22, 0.11, 0.00, 0.00, 0.00, 0.00, 0.00, 0.00, 0.00, 0.00, 0.00, 0.00, 0.00, 0.00, 0.00, 0.00, 0.00,
0.11, 0.22, 0.33, 0.44, 0.56, 0.67, 0.78, 0.89, 1.00, 0.90, 0.80, 0.70, 0.60, 0.50, 0.40, 0.30, 0.20, 0.10, 0.00, 0.00, 0.00, 0.00, 0.00, 0.00, 0.00, 0.00, 0.00, 0.00, 0.00, 0.00, 0.00, 0.00,
0.10, 0.20, 0.30, 0.40, 0.50, 0.60, 0.70, 0.80, 0.90, 1.00, 0.91, 0.82, 0.73, 0.64, 0.55, 0.45, 0.36, 0.27, 0.18, 0.09, 0.00, 0.00, 0.00, 0.00, 0.00, 0.00, 0.00, 0.00, 0.00, 0.00, 0.00, 0.00,
0.09, 0.18, 0.27, 0.36, 0.45, 0.55, 0.64, 0.73, 0.82, 0.91, 1.00, 0.92, 0.83, 0.75, 0.67, 0.58, 0.50, 0.42, 0.33, 0.25, 0.17, 0.08, 0.00, 0.00, 0.00, 0.00, 0.00, 0.00, 0.00, 0.00, 0.00, 0.00,
0.08, 0.17, 0.25, 0.33, 0.42, 0.50, 0.58, 0.67, 0.75, 0.83, 0.92, 1.00, 0.92, 0.83, 0.75, 0.67, 0.58, 0.50, 0.42, 0.33, 0.25, 0.17, 0.08, 0.00, 0.00, 0.00, 0.00, 0.00, 0.00, 0.00, 0.00, 0.00,
0.08, 0.17, 0.25, 0.33, 0.42, 0.50, 0.58, 0.67, 0.75, 0.83, 0.92, 1.00, 0.92, 0.85, 0.77, 0.69, 0.62, 0.54, 0.46, 0.38, 0.31, 0.23, 0.15, 0.08, 0.00, 0.00, 0.00, 0.00, 0.00, 0.00, 0.00, 0.00,
0.08, 0.15, 0.23, 0.31, 0.38, 0.46, 0.54, 0.62, 0.69, 0.77, 0.85, 0.92, 1.00, 0.93, 0.86, 0.79, 0.71, 0.64, 0.57, 0.50, 0.43, 0.36, 0.29, 0.21, 0.14, 0.07, 0.00, 0.00, 0.00, 0.00, 0.00, 0.00,
0.07, 0.14, 0.21, 0.29, 0.36, 0.43, 0.50, 0.57, 0.64, 0.71, 0.79, 0.86, 0.93, 1.00, 0.93, 0.86, 0.79, 0.71, 0.64, 0.57, 0.50, 0.43, 0.36, 0.29, 0.21, 0.14, 0.07, 0.00, 0.00, 0.00, 0.00, 0.00,
0.07, 0.14, 0.21, 0.29, 0.36, 0.43, 0.50, 0.57, 0.64, 0.71, 0.79, 0.86, 0.93, 1.00, 0.94, 0.88, 0.81, 0.75, 0.69, 0.62, 0.56, 0.50, 0.44, 0.38, 0.31, 0.25, 0.19, 0.12, 0.06, 0.00, 0.00, 0.00,
0.06, 0.12, 0.19, 0.25, 0.31, 0.38, 0.44, 0.50, 0.56, 0.62, 0.69, 0.75, 0.81, 0.88, 0.94, 1.00, 0.94, 0.88, 0.82, 0.76, 0.71, 0.65, 0.59, 0.53, 0.47, 0.41, 0.35, 0.29, 0.24, 0.18, 0.12, 0.06
};